####
# Name: Art Beads Bright
# Author: TrashUncle
# Type: Other
# Genre: Handheld
####

Resolution=0
v2
5,5
000,748,748,000,000
748,000,000,748,000
748,000,000,748,000
000,748,748,000,000
000,000,000,000,000

Resolution=864
v2
6,6
000,748,748,748,000,000
748,748,000,748,748,000
748,000,000,000,748,000
748,748,000,748,748,000
000,748,748,748,000,000
000,000,000,000,000,000

Resolution=1008
v2
7,7
000,748,748,748,748,000,000
748,748,000,000,748,748,000
748,000,000,000,000,748,000
748,000,000,000,000,748,000
748,748,000,000,748,748,000
000,748,748,748,748,000,000
000,000,000,000,000,000,000

Resolution=1152
v2
8,8
000,748,748,748,748,748,000,000
748,748,748,000,748,748,748,000
748,748,000,000,000,748,748,000
748,000,000,000,000,000,748,000
748,748,000,000,000,748,748,000
748,748,748,000,748,748,748,000
000,748,748,748,748,748,000,000
000,000,000,000,000,000,000,000

Resolution=1296
v2
9,9
000,000,748,748,748,748,000,000,000
000,748,748,748,748,748,748,000,000
748,748,748,000,000,748,748,748,000
748,748,000,000,000,000,748,748,000
748,748,000,000,000,000,748,748,000
748,748,748,000,000,748,748,748,000
000,748,748,748,748,748,748,000,000
000,000,748,748,748,748,000,000,000
000,000,000,000,000,000,000,000,000

Resolution=1440
v2
10,10
000,000,748,748,748,748,748,000,000,000
000,748,748,748,748,748,748,748,000,000
748,748,748,000,000,000,748,748,748,000
748,748,000,000,000,000,000,748,748,000
748,748,000,000,000,000,000,748,748,000
748,748,000,000,000,000,000,748,748,000
748,748,748,000,000,000,748,748,748,000
000,748,748,748,748,748,748,748,000,000
000,000,748,748,748,748,748,000,000,000
000,000,000,000,000,000,000,000,000,000